20 20 0 51 0 0
20 20 1 51 6 0
20 20 2 51 1 7220
20 20 3 51 6 0
20 20 4 51 2 0
20 20 5 51 0 0
20 20 6 51 0 0
20 20 7 51 6 0
20 20 8 51 5 0
20 20 9 51 0 0
20 20 10 51 0 0
20 20 11 23 6 0

21 20 11 15 0 0
22 20 11 15 0 0
23 20 11 15 0 0
24 20 11 15 6 0
25 20 11 15 0 0
26 20 11 15 0 0
27 20 11 15 1 18429
28 20 11 15 6 0
29 20 11 15 4 0
30 20 11 15 0 0
31 20 11 15 0 0
32 20 11 43 6 0

32 20 12 51 0 0
32 20 13 51 0 0
32 20 14 51 0 0
32 20 15 51 0 0
32 20 16 51 6 0
32 20 17 51 0 0
32 20 18 51 0 0
32 20 19 51 5 0
32 20 20 51 0 0
32 20 21 51 6 0
32 20 22 51 0 0
32 20 23 53 0 0

32 19 23 60 0 0
32 18 23 60 6 0
32 17 23 60 1 37432
32 16 23 60 0 0
32 15 23 60 3 0
32 14 23 60 0 0
32 13 23 60 6 0
32 12 23 60 0 0
32 11 23 60 0 0
32 10 23 46 0 0

31 10 23 15 6 0
30 10 23 15 0 0
29 10 23 15 0 0
28 10 23 15 0 0
27 10 23 15 0 0
26 10 23 15 6 0
25 10 23 15 5 0
24 10 23 15 0 0
23 10 23 15 0 0
22 10 23 15 0 0
21 10 23 15 6 0
20 10 23 15 0 0
19 10 23 15 5 0
18 10 23 27 0 0

18 10 24 51 0 0
18 10 25 51 6 0
18 10 26 51 0 0
18 10 27 51 0 0
18 10 28 51 0 0
18 10 29 51 6 0
18 10 30 51 0 0
18 10 31 51 1 51618
18 10 32 51 2 0
18 10 33 51 0 0
18 10 34 51 6 0
18 10 35 54 0 0

18 11 35 60 0 0
18 12 35 60 0 0
18 13 35 60 0 0
18 14 35 60 6 0
18 15 35 60 0 0
18 16 35 60 0 0
18 17 35 60 5 0
18 18 35 60 0 0
18 19 35 60 6 0
18 20 35 60 0 0
18 21 35 60 1 56898
18 22 35 60 2 0
18 23 35 60 0 0
18 24 35 60 6 0
18 25 35 60 0 0
18 26 35 60 0 0
18 27 35 60 0 0
18 28 35 60 0 0
18 29 35 60 6 0
18 30 35 60 0 0
18 31 35 60 0 0
18 32 35 60 5 0
18 33 35 60 0 0
18 34 35 60 6 0
18 35 35 45 0 0

17 35 35 15 0 0
16 35 35 15 0 0
15 35 35 15 0 0
14 35 35 15 6 0
13 35 35 15 1 57412
12 35 35 15 3 0
11 35 35 15 0 0
10 35 35 15 0 0
 9 35 35 15 6 0
 8 35 35 15 0 0
 7 35 35 15 5 0
 6 35 35 29 0 0

 6 34 35 60 0 0
 6 33 35 60 6 0
 6 32 35 60 1 57206
 6 31 35 60 0 0
 6 30 35 60 4 0
 6 29 35 60 0 0
 6 28 35 60 6 0
 6 27 35 60 0 0
 6 26 35 60 0 0
 6 25 35 54 0 0

6 25 34 51 0 0
6 25 33 51 6 0
6 25 32 51 0 0
6 25 31 51 0 0
6 25 30 51 5 0
6 25 29 51 0 0
6 25 28 51 6 0
6 25 27 51 0 0
6 25 26 51 0 0
6 25 25 51 0 0
6 25 24 51 0 0
6 25 23 51 6 0
6 25 22 51 0 0
6 25 21 51 5 0
6 25 20 57 0 0

6 24 20 60 0 0
6 23 20 60 0 0
6 22 20 60 6 0
6 21 20 60 0 0
6 20 20 30 0 0

 7 20 20 15 0 0
 8 20 20 15 0 0
 9 20 20 15 6 0
10 20 20 15 1 32811
11 20 20 15 2 0
12 20 20 15 0 0
13 20 20 15 6 0
14 20 20 15 0 0
15 20 20 15 5 0
16 20 20 15 0 0

21 24 20 60 2 0
21 25 20 60 6 0
21 26 20 60 0 0
21 27 20 60 0 0
21 28 20 60 0 0
21 29 20 60 6 0
21 30 20 60 0 0
21 31 20 60 0 0
21 32 20 60 0 0
21 33 20 60 0 0
21 34 20 60 0 0
21 35 20 60 6 0
21 36 20 60 0 0
21 37 20 60 0 0
21 38 20 60 0 0
21 39 20 60 6 0



17 18 17 16 0 0
17 18 18 16 0 0
17 18 19 16 0 0
17 18 20 16 0 0
17 18 21 16 0 0
17 18 22 16 0 0
17 18 23 16 6 0
17 19 17 16 0 0
17 19 18 16 0 0
17 19 19 16 0 0
17 19 20 16 0 0
17 19 21 16 0 0
17 19 22 16 0 0
17 19 23 16 0 0
17 20 17 16 0 0
17 20 18 16 0 0
17 20 19 16 0 0
17 20 21 16 0 0
17 20 22 16 0 0
17 20 23 16 0 0
17 21 17 16 0 0
17 21 18 16 0 0
17 21 19 16 0 0
17 21 20 16 0 0
17 21 21 16 6 0
17 21 22 16 0 0
17 21 23 16 0 0
17 22 17 16 0 0
17 22 18 16 0 0
17 22 19 16 0 0
17 22 20 16 0 0
17 22 21 16 0 0
17 22 22 16 0 0
17 22 23 16 0 0

25 18 17 32 0 0
25 18 18 32 0 0
25 18 19 32 0 0
25 18 20 32 0 0
25 18 21 32 0 0
25 18 22 32 0 0
25 18 23 32 0 0
25 19 17 32 0 0
25 19 18 32 0 0
25 19 19 32 0 0
25 19 20 32 6 0
25 19 21 32 0 0
25 19 22 32 0 0
25 19 23 32 0 0
25 20 17 32 0 0
25 20 18 32 0 0
25 20 19 32 0 0
25 20 20 32 0 0
25 20 21 32 0 0
25 20 22 32 0 0
25 20 23 32 0 0
25 21 17 32 0 0
25 21 18 32 0 0
25 21 19 32 0 0
25 21 20 32 0 0
25 21 21 32 0 0
25 21 22 32 6 0
25 21 23 32 0 0
25 22 17 32 0 0
25 22 18 32 0 0
25 22 19 32 0 0
25 22 20 32 0 0
25 22 21 32 0 0
25 22 22 32 0 0
25 22 23 32 0 0



17 18 16 24 0 0
18 18 16 8 0 0
19 18 16 8 0 0
20 18 16 8 0 0
21 18 16 8 6 0
22 18 16 8 0 0
23 18 16 8 0 0
24 18 16 8 0 0
25 18 16 40 0 0
17 19 16 24 0 0
18 19 16 8 0 0
19 19 16 8 0 0
20 19 16 8 0 0
21 19 16 8 0 0
22 19 16 8 0 0
23 19 16 8 0 0
24 19 16 8 0 0
25 19 16 40 0 0
17 20 16 24 0 0
18 20 16 8 0 0
19 20 16 8 6 0
20 20 16 8 0 0
21 20 16 8 0 0
22 20 16 8 6 0
23 20 16 8 0 0
24 20 16 8 0 0
25 20 16 40 0 0
17 21 16 24 0 0
18 21 16 8 0 0
19 21 16 8 0 0
20 21 16 8 0 0
21 21 16 8 0 0
22 21 16 8 0 0
23 21 16 8 0 0
24 21 16 8 0 0
25 21 16 40 0 0
17 22 16 24 0 0
18 22 16 8 0 0
19 22 16 8 0 0
20 22 16 8 0 0
21 22 16 8 0 0
22 22 16 8 0 0
23 22 16 8 0 0
24 22 16 8 0 0
25 22 16 40 0 0

17 18 24 20 0 0
18 18 24 4 0 0
19 18 24 4 6 0
20 18 24 4 0 0
21 18 24 4 0 0
22 18 24 4 0 0
23 18 24 4 0 0
24 18 24 4 0 0
25 18 24 36 0 0
17 19 24 20 0 0
18 19 24 4 0 0
19 19 24 4 0 0
20 19 24 4 0 0
21 19 24 4 0 0
22 19 24 4 0 0
23 19 24 4 0 0
24 19 24 4 0 0
25 19 24 36 0 0
17 20 24 20 0 0
18 20 24 4 0 0
19 20 24 4 0 0
20 20 24 4 0 0
21 20 24 4 0 0
22 20 24 4 0 0
23 20 24 4 0 0
24 20 24 4 0 0
25 20 24 36 0 0
17 21 24 20 0 0
18 21 24 4 0 0
19 21 24 4 0 0
20 21 24 4 6 0
21 21 24 4 0 0
22 21 24 4 0 0
23 21 24 4 0 0
24 21 24 4 0 0
25 21 24 36 0 0
17 22 24 20 0 0
18 22 24 4 0 0
19 22 24 4 0 0
20 22 24 4 0 0
21 22 24 4 0 0
22 22 24 4 0 0
23 22 24 4 0 0
24 22 24 4 0 0
25 22 24 36 0 0




17 17 16 26 0 0
18 17 16 10 0 0
19 17 16 10 0 0
20 17 16 10 0 0
21 17 16 10 0 0
22 17 16 10 0 0
23 17 16 10 0 0
24 17 16 10 0 0
25 17 16 42 0 0
17 17 17 18 0 0
18 17 17 2 0 0
19 17 17 2 0 0
20 17 17 2 0 0
21 17 17 2 0 0
22 17 17 2 0 0
23 17 17 2 0 0
24 17 17 2 0 0
25 17 17 34 0 0
17 17 18 18 0 0
18 17 18 2 0 0
19 17 18 2 0 0
20 17 18 2 0 0
21 17 18 2 0 0
22 17 18 2 0 0
23 17 18 2 0 0
24 17 18 2 0 0
25 17 18 34 0 0
17 17 19 18 0 0
18 17 19 2 0 0
19 17 19 2 0 0
20 17 19 2 0 0
21 17 19 2 0 0
22 17 19 2 0 0
23 17 19 2 0 0
24 17 19 2 0 0
25 17 19 34 0 0
17 17 20 18 0 0
18 17 20 2 0 0
19 17 20 2 0 0
20 17 20 2 0 0
21 17 20 2 0 0
22 17 20 2 0 0
23 17 20 2 0 0
24 17 20 2 0 0
25 17 20 34 0 0
17 17 21 18 0 0
18 17 21 2 0 0
19 17 21 2 0 0
20 17 21 2 0 0
21 17 21 2 6 0
22 17 21 2 0 0
23 17 21 2 0 0
24 17 21 2 0 0
25 17 21 34 0 0
17 17 22 18 0 0
18 17 22 2 0 0
19 17 22 2 0 0
20 17 22 2 0 0
21 17 22 2 0 0
22 17 22 2 0 0
23 17 22 2 0 0
24 17 22 2 0 0
25 17 22 34 0 0
17 17 23 18 0 0
18 17 23 2 0 0
19 17 23 2 0 0
20 17 23 2 0 0
21 17 23 2 0 0
22 17 23 2 0 0
23 17 23 2 0 0
24 17 23 2 0 0
25 17 23 34 0 0
17 17 24 22 0 0
18 17 24 6 0 0
19 17 24 6 0 0
20 17 24 6 0 0
21 17 24 6 0 0
22 17 24 6 0 0
23 17 24 6 0 0
24 17 24 6 0 0
25 17 24 38 0 0

17 23 16 25 0 0
18 23 16 9 0 0
19 23 16 9 0 0
20 23 16 9 0 0
21 23 16 9 0 0
22 23 16 9 0 0
23 23 16 9 0 0
24 23 16 9 0 0
25 23 16 41 0 0
17 23 17 17 0 0
18 23 17 1 0 0
19 23 17 1 0 0
20 23 17 1 0 0
21 23 17 1 6 0
22 23 17 1 0 0
23 23 17 1 0 0
24 23 17 1 0 0
25 23 17 33 0 0
17 23 18 17 0 0
18 23 18 1 0 0
19 23 18 1 0 0
20 23 18 1 0 0
21 23 18 1 0 0
22 23 18 1 0 0
23 23 18 1 0 0
24 23 18 1 0 0
25 23 18 33 0 0
17 23 19 17 0 0
18 23 19 1 6 0
19 23 19 1 0 0
20 23 19 1 0 0
21 23 19 1 0 0
22 23 19 1 0 0
23 23 19 1 0 0
24 23 19 1 0 0
25 23 19 33 0 0
17 23 20 17 0 0
18 23 20 1 0 0
19 23 20 1 0 0
20 23 20 1 0 0
22 23 20 1 0 0
23 23 20 1 0 0
24 23 20 1 0 0
25 23 20 33 0 0
17 23 21 17 0 0
18 23 21 1 0 0
19 23 21 1 0 0
20 23 21 1 0 0
21 23 21 1 0 0
22 23 21 1 0 0
23 23 21 1 0 0
24 23 21 1 0 0
25 23 21 33 0 0
17 23 22 17 0 0
18 23 22 1 0 0
19 23 22 1 0 0
20 23 22 1 0 0
21 23 22 1 0 0
22 23 22 1 0 0
23 23 22 1 0 0
24 23 22 1 0 0
25 23 22 33 0 0
17 23 23 17 0 0
18 23 23 1 0 0
19 23 23 1 0 0
20 23 23 1 0 0
21 23 23 1 0 0
22 23 23 1 0 0
23 23 23 1 0 0
24 23 23 1 0 0
25 23 23 33 0 0
17 23 24 21 0 0
18 23 24 5 0 0
19 23 24 5 0 0
20 23 24 5 0 0
21 23 24 5 0 0
22 23 24 5 0 0
23 23 24 5 0 0
24 23 24 5 0 0
25 23 24 37 0 0
26 23 24 16 0 0